-3.4028235e+38
-3.4028235e+38
-3.4028235e+38
-3.4028235e+38
-3.4028235e+38
-3.4028235e+38
-3.4028235e+38
-3.4028235e+38
-3.4028235e+38
-3.4028235e+38
-3.4028235e+38
-3.4028235e+38
-3.4028235e+38
-3.4028235e+38
-3.4028235e+38
-3.4028235e+38
-3.4028235e+38
-3.4028235e+38
-3.4028235e+38
-3.4028235e+38
-3.4028235e+38
-3.4028235e+38
-3.4028235e+38
-3.4028235e+38
-3.4028235e+38
-3.4028235e+38
-3.4028235e+38
-3.4028235e+38
-3.4028235e+38
-3.4028235e+38
-3.4028235e+38
-3.4028235e+38
-3.4028235e+38
-3.4028235e+38
-3.4028235e+38
-3.4028235e+38
-3.4028235e+38
-3.4028235e+38
-3.4028235e+38
-3.4028235e+38
-3.4028235e+38
-3.4028235e+38
-3.4028235e+38
-3.4028235e+38
-3.4028235e+38
-3.4028235e+38
-0.19448198
-0.34795913
-0.43367302
-0.46025103
-22.633438
-24.131264
-17.799177
-16.143614
-13.992573
-10.466949
-9.078391
-6.828957
-6.174928
-5.9235983
-5.5127044
-5.074419
-4.9808908
-4.4725094
-4.4953203
-4.308468
-4.4557257
-4.7290154
-5.080222
-5.5647163
-5.852791
-6.1618032
-6.286639
-6.392058
-6.2669616
-6.1181054
-6.0709906
-6.024441
-5.8398194
-5.621672
-5.161811
-4.459209
-4.0746527
-3.5527148
-3.207033
-2.7194664
-2.1968708
-2.0712156
-1.7452233
-1.4579086
-1.3456817
-1.1173745
-1.1952
-1.2423425
-1.3817902
-1.5614742
-1.7428745
-2.0896518
-2.2862499
-2.270941
-2.151266
-1.9723811
-1.8893998
-1.7770928
-1.7606126
-2.0030656
-2.3021576
-2.5586946
-2.7816982
-3.2183676
-3.7335567
-4.4619627
-5.315276
-6.014401
-6.714957
-7.254554
-7.506189
-7.165591
-6.9347486
-6.409918
-6.1417103
-6.0265307
-5.5701137
-5.3167467
-4.7249107
-4.137355
-3.2470872
-2.3596413
-1.7631575
-1.1203235
-0.91599846
-0.6863414
-0.4236586
-0.20910884
-0.01815167
0.06864305
0.14368282
0.0111964345
-0.11911447
0.01620819
0.1465512
0.22071768
0.2980144
0.38119522
0.39465824
0.4068013
0.28379753
0.25527516
0.25595704
-0.0061664926
-0.1952393
-0.5088151
-1.3831671
-1.9184135
-3.187442
-3.5022218
-4.7027535
-5.6442122
-5.8577337
-6.790522
-7.813109
-8.324491
-9.840077
-10.409507
-10.597312
-10.8
-10.866488
-10.899055
-10.897337
-10.7874565
-10.804427
-10.706203
-10.647245
-10.686589
-10.595378
-10.634796
-10.556061
-10.664678
-10.769041
-10.986353
-11.335689
-11.5178385
-11.897521
-12.437036
-12.719349
-12.244377
-11.118823
-10.665348
-9.946531
-9.386047
-9.492633
-9.653765
-10.326516
-11.230446
-13.270944
-14.185324
-15.693165
-16.711914
-17.0652
-18.09497
-19.1907
-19.664661
-20.788635
-21.798674
-22.08664
-22.995638
-23.9285
-24.221146
-24.970266
-25.301178
-26.19916
-27.007544
-27.358807
-27.960947
-28.554794
-28.753551
-29.250751
-29.694777
-29.903654
-30.240414
-30.559105
-30.753595
-31.981369
-34.094067
-36.262802
-39.438747
-28.899609
-25.582527
-27.471844
-27.648098
-20.615307
-16.02253
-15.610877
-14.620914
-2.8750563
-4.0239997
-10.285382
-10.285382
-7.4439535
-12.202646
-13.816782
-14.528672
-15.197071
-15.786114
-16.282904
-16.599413
-16.91982
-17.248028
-18.633945
-20.281645
-22.44021
-25.036373
-28.356474
-33.04879
-35.389347
-35.834927
-36.280506
-36.440796
-36.15029
-35.23816
-34.227932
-33.148594
-30.258068
-26.218714
-24.219833
-23.466854
-23.208477
-22.950102
-22.414873
-23.680664
-26.434975
-29.06039
-30.398232
-29.646864
-27.801361
-25.781166
-25.446613
-25.619173
-25.797565
-25.37061
-25.20379
-25.383276
-25.991993
-27.5759
-31.305393
-33.276695
-31.739748
-30.202803
-29.332514
-29.238794
-29.571678
-28.421785
-26.773296
-26.07893
-25.384565
-24.736824
-23.954542
-23.17226
-22.241064
-21.384321
-20.93624
-20.544653
-20.144156
-19.604256
-19.050257
-18.48439
-17.90454
-17.219065
-16.453247
-15.544011
-14.559656
-14.040273
-13.41632
-12.828636
-12.524057
-12.219478
-11.967282
-11.834141
-11.701
-11.522264
-11.335575
-11.166124
-10.938878
-10.717458
-10.482411
-10.248748
-10.015084
-9.795839
-9.575148
-9.36126
-9.1704645
-8.980457
-8.774647
-8.584771
-8.39932
-8.271306
-8.143292
-8.028739
-7.8897715
-7.7457657
-7.5837345
-7.319595
-7.0476327
-6.776678
-6.50303
-6.3875875
-6.273517
-6.148681
-5.980858
-5.8448687
-5.9334517
-6.152556
-6.3313785
-6.0358634
-5.7144556
-5.2482333
-4.4353175
-3.6224015
-2.8491313
-2.347413
-1.8647926
-1.5586034
-1.3949076
-1.2905395
-1.2235155
-1.1852791
-1.1240152
-1.0627513
-1.0014875
-0.93673444
-0.8683414
-0.85728854
-0.8359949
-0.8031574
-0.77170646
-0.74092895
-0.7178723
-0.6929687
-0.68548
-0.70032793
-0.7145248
-0.7151382
-0.7117021
-0.7047732
-0.65853876
-0.6123044
-0.597492
-0.62501615
-0.6552349
-0.6854536
-0.7135471
-0.74103385
-0.8347588
-0.91532904
-1.0140549
-1.1329991
-1.2729825
-1.420845
-1.5574279
-1.6219975
-1.678403
-1.8410978
-2.0267801
-2.1855876
-2.214152
-2.2477574
-2.2974248
-2.347182
-2.3840992
-2.420898
-2.4600267
-2.4997442
-2.5742238
-2.5950358
-2.6158476
-2.6541529
-2.687638
-2.7084842
-2.7267692
-2.7419035
-2.7570376
-2.78535
-2.7341697
-2.659387
-2.6104414
-2.6611612
-2.7118807
-2.7543697
-2.760344
-2.735617
-2.72998
-2.73403
-2.751204
-2.7960706
-2.8
-2.8
-2.8
-2.8
-2.8
-2.8
-2.783811
-2.757577
-2.6936152
-2.6295717
-2.6
-2.6
-2.6
-2.6
-2.6003444
-2.6142995
-2.6282547
-2.6428146
-2.6328387
-2.6186717
-2.6045046
-2.5939305
-2.5712419
-2.552139
-2.535237
-2.5239494
-2.5126615
-2.5013738
-2.5
-2.5
-2.5
-2.5
-2.4877083
-2.4499161
-2.4126565
-2.428743
-2.4781692
-2.519679
-2.5452385
-2.5603929
-2.5731304
-2.58576
-2.6059544
-2.652478
-2.6993954
-2.6587682
-2.6424446
-2.6728296
-2.7334852
-2.800139
-2.7605436
-2.7136161
-2.67444
-2.6575649
-2.702581
-2.747992
-2.7995386
-2.9494395
-3.0928316
-3.2362237
-3.3851602
-3.5341454
-3.6634974
-3.791718
-3.6842616
-3.5567977
-3.4408078
-3.3559356
-3.229149
-3.0706012
-2.8800027
-2.7069774
-2.61231
-2.5349345
-2.4575589
-2.3464448
-2.2239249
-2.1395142
-2.0260096
-1.9453436
-2.0354807
-2.125618
-2.2070029
-2.2664323
-2.3132257
-2.3513334
-2.389441
-2.4275484
-2.4759204
-2.5434673
-2.6110141
-2.678561
-2.7461078
-2.823796
-2.9094322
-2.9614453
-2.9784713
-2.9775267
-2.9765823
-2.9756377
-2.974693
-2.9843907
-2.998077
-3.011763
-3.0254493
-3.039751
-3.0540967
-3.0684423
-3.068395
-3.0654
-3.0624049
-3.0594099
-3.0621119
-3.0671315
-3.0721512
-3.0876749
-3.1049347
-3.1118002
-3.1149955
-3.1181908
-3.121386
-3.1245813
-3.1277766
-3.130972
-3.1159601
-3.0978503
-3.0797405
-3.0616305
-3.038036
-2.9966593
-2.965471
-2.934283
-2.9030948
-2.8719065
-2.856354
-2.8597057
-2.8630574
-2.8720748
-2.8851423
-2.8972325
-2.895175
-2.8931172
-2.8910594
-2.8890018
-2.886944
-2.9071455
-2.9486244
-2.990103
-3.0315819
-3.0730608
-3.1145394
-3.1560183
-3.197497
-3.2471685
-3.3065555
-3.3659425
-3.4253294
-3.4847164
-3.5441034
-3.6034904
-3.6628773
-3.7327626
-3.8151863
-3.89761
-3.9800336
-4.062457
-4.144881
-4.2273045
-4.2716107
-4.3128
-4.353989
-4.3951783
-4.433916
-4.7082314
-5.0211506
-5.3672
-5.7132487
-6.0812426
-6.498736
-6.9162292
-7.2502174
-7.275297
-7.3721566
-7.4949193
-7.557265
-7.619551
-7.681837
-7.744123
-8.284145
-8.954874
-9.497461
-9.548681
-9.676234
-9.763168
-9.657474
-9.657474
-9.438934
-8.993618
-7.403374
-6.3468366
-5.7140326
-5.3026896
-4.900417
-4.498144
-4.095872
-3.8916175
-3.7627819
-3.633946
-3.5067225
-3.1811647
-2.851915
-2.522665
-2.3250384
-2.3322358
-2.3434122
-2.3545887
-2.5246994
-2.7324126
-2.9311328
-3.1212845
-3.3430665
-3.5648484
-3.7866304
-3.9242504
-4.1410446
-4.367758
-4.594471
-4.782351
-4.926014
-5.0696774
-5.1940436
-5.152407
-5.1062055
-5.164388
-5.1558447
-5.215337
-5.272133
-5.328929
-5.350782
-5.2549896
-5.159198
-5.0817084
-4.9103036
-4.731554
-4.6590834
-4.551475
-4.4380856
-4.392421
-4.3467565
-4.276442
-4.251442
-4.2264423
-4.236487
-4.3001943
-4.365422
-4.4170623
-4.471296
-4.5251875
-4.591124
-4.6570606
-4.6969438
-4.7260118
-4.7550797
-4.771608
-4.8131185
-4.8950768
-4.97569
-5.0360928
-5.0624385
-5.110204
-5.1665
-5.222796
-5.273604
-5.3241277
-5.3848276
-5.416799
-5.400001
-5.4328103
-5.4128637
-5.441416
-5.4819393
-5.4669275
-5.451916
-5.4396167
-5.427556
-5.4210553
-5.3813753
-5.342597
-5.236181
-5.1408987
-5.0653996
-5.0074983
-4.9487877
-4.857004
-4.9368834
-5.0689187
-5.0412807
-5.0681257
-5.4218464
-5.9227524
-6.0901356
-6.230739
-7.2156196
-8.037556
-8.313323
-8.992078
-9.921397
-10.734781
-11.5186615
-12.323939
-13.129337
-14.034937
-14.991413
-15.715419
-16.601547
-17.270445
-17.239204
-16.738949
-17.551311
-18.81329
-19.937849
-19.943428
-19.77116
-18.398552
-17.60525
-17.636917
-17.666735
-17.756222
-17.938065
-18.083643
-18.223457
-18.07185
-17.912529
-17.942589
-18.371246
-18.820625
-19.09818
-19.232315
-19.01023
-19.251554
-19.014372
-18.20995
-17.954617
-18.07421
-18.053638
-17.995665
-17.50866
-17.309175
-17.758541
-17.780476
-17.642252
-17.878962
-18.161606
-18.32015
-17.535444
-17.419209
-17.4872
-17.027327
-16.331427
-16.162106
-16.0689
-15.853879
-15.759919
-15.701257
-15.589472
-15.067144
-15.02854
-15.03244
-14.325355
-13.54404
-13.409136
-13.274232
-12.015866
-11.489637
-10.731493
-9.694871
-10.175843
-10.296725
-10.39382
-10.542551

0.0
0.0
0.0
0.0
0.0
0.0
0.0
0.0
0.0
0.0
0.0
0.0
-0.0009503887538943315
0.00047727594651190497
0.00019514485019309717
5.5679950321618395e-05
-3.201082583692988e-05
-6.602545335706186e-05
1.1802137211200026e-05
4.97580827221979e-05
0.00010698215608630206
8.000271646028643e-05
3.010197664935618e-05
-2.997343129953027e-05
-2.2350678354136373e-05
2.137989771345242e-05
-5.588253173853178e-05
-0.00013865903672320205
-0.00011990546867016527
7.467592973425176e-05
7.753937966769297e-05
0.00016209245667566142
7.330882648452986e-05
3.10497727055892e-05
1.569824935884693e-07
1.3578537160012017e-05
-7.590915087851877e-06
-8.970688239079223e-05
-0.00018167613162259504
-0.00017022522861193443
-0.00015237538597420928
-1.6419931385020242e-05
1.3687147150524026e-05
4.990401493480035e-06
-4.2667896234007937e-05
-7.572571784518855e-05
0.00015175227734754465
-2.0796018807566522e-05
-0.0002937088810207547
-0.00019141504518204938
-0.00015849052502687257
-0.0001578167106975816
-0.00013072133690588528
-0.00010354339345741606
-7.160428108976935e-05
-0.0003121550571688837
0.000481116375029609
0.0006491334655447724
0.0002914565874690976
-0.00019326837384345862
-0.00013496725446497288
-0.00012866909992465203
-0.0005320998499147112
-0.00043367076462914357
0.00011233440005006806
0.0005477286888296258
9.87828508567476e-05
-0.0004369175997799207
0.0002709948661657223
1.3289330510876017e-05
-0.0003339318385683718
0.0001079728223396475
0.0001400622511494598
0.00015426631984276446
0.00016518733129818676
0.00010321708151421489
0.00014213056363909132
0.00016620661247841322
7.93037189076118e-05
3.457241634562638e-05
4.6692410200155764e-05
4.965322656514557e-05
4.3810249001257475e-05
3.4553104858264825e-05
3.062379130548854e-05
5.914539672864924e-05
2.857771312292737e-05
-1.918348351627223e-05
0.00010376865934782813
0.00014068109298128172
3.50961621504949e-05
1.215127063507374e-05
9.057169124457965e-06
6.464676973907417e-06
1.8320468804047111e-07
3.0640349601070853e-06
1.8081684872481951e-07
-9.825084547654134e-06
-2.3983343913759742e-05
-2.2188076935382315e-05
-2.9320768268221105e-05
-9.300960342019744e-06
-1.0405238163241572e-05
-6.2069991006533865e-06
-3.7981389700426945e-06
8.022996569264374e-06
-8.203950425163043e-06
5.002197158733308e-07
-2.6705307843597467e-06
8.859927725249121e-07
1.0059719119097013e-05
-1.8854796782057672e-08
-1.7783661648605e-06
3.3711071816091987e-06
3.206020061272456e-06
6.9294314042073e-07
4.7801802955867945e-06
-7.256017361756173e-06
-3.3228937047166708e-06
-1.9970557109278263e-06
-6.4633851919825565e-06
3.172211910087465e-06
-2.1357852606765024e-05
-3.123171170830935e-05
1.2187479673876654e-05
3.0692046974669824e-05
2.311973876585685e-05
2.3618066477900838e-05
-9.90550123455228e-06
-9.98457394631648e-06
-1.2126374474340062e-05
-1.6331985827711544e-05
-3.6750282381127885e-06
-1.1763696912708717e-06
-3.0658812948784768e-06
-4.5469418924869465e-07
-5.334015485492981e-07
-2.344806014760781e-06
-6.994933881609327e-07
2.6289458450210493e-06
6.253803360900612e-06
5.971816500515111e-06
-1.575543354355099e-06
-3.2383276576962444e-07
-3.150447341898903e-06
-9.080287454007177e-06
-1.0508763393462226e-05
-1.3000649871425327e-05
-1.4835971875700141e-05
-1.804370126457014e-05
-1.144419618329317e-05
-3.651277718318532e-05
-8.086609652497514e-05
-4.780104615433621e-05
-1.6948361530404166e-05
-9.936647532073921e-05
-8.757237586373832e-06
0.00012336358193131962
0.00013698321716589185
6.226110948990189e-05
4.9850425557372035e-05
2.782961480880577e-05
-3.21650959146837e-05
-4.682014003108971e-05
-4.421194098668006e-05
-3.28137400688933e-05
2.090572893306378e-06
-1.0668631192890442e-05
2.410673844626405e-05
2.5843806734435822e-05
1.0214732950080297e-05
-6.2379496736409576e-06
-1.2352358021377056e-05
-8.973056505941468e-06
-1.20736723814662e-05
-1.0442765080573889e-05
-1.194874793552058e-05
-1.5343759606890837e-06
-2.1372858154377044e-06
3.8606011930155044e-06
1.7292888903576105e-05
7.033504663123349e-06
-2.6541316780651514e-05
-9.817059841757271e-05
-0.00014808327742508122
-0.00017556589873158577
-0.00019002900232158065
-5.1979216928031105e-05
-0.00012148908892362632
0.00011517214482803478
-3.0468620894878006e-05
-8.088277225527788e-06
-3.4970598337737984e-05
5.777214120440642e-05
2.4406588432458988e-05
-7.311329115084299e-06
5.845430644715104e-06
6.58941352430033e-05
3.1277772215327116e-05
4.002733739996541e-05
8.862761816502453e-05
0.0001465434994672518
1.848036270007987e-05
-3.2559376464416184e-05
