-3.4028235e+38
-3.4028235e+38
-3.4028235e+38
-3.4028235e+38
-3.4028235e+38
-3.4028235e+38
-3.4028235e+38
-3.4028235e+38
-3.4028235e+38
-3.4028235e+38
-3.4028235e+38
-3.4028235e+38
-3.4028235e+38
-3.4028235e+38
-3.4028235e+38
-3.4028235e+38
-3.4028235e+38
-3.4028235e+38
-3.4028235e+38
-3.4028235e+38
-3.4028235e+38
-3.4028235e+38
-3.4028235e+38
-3.4028235e+38
-3.4028235e+38
-3.4028235e+38
-3.4028235e+38
-3.4028235e+38
-3.4028235e+38
-3.4028235e+38
-3.4028235e+38
-3.4028235e+38
-3.4028235e+38
-3.4028235e+38
-3.4028235e+38
-3.4028235e+38
-3.4028235e+38
-3.4028235e+38
-3.4028235e+38
-3.4028235e+38
-3.4028235e+38
-3.4028235e+38
-3.4028235e+38
-3.4028235e+38
-3.4028235e+38
-3.4028235e+38
-0.19448198
-0.34795913
-0.43367302
-0.46025103
-22.633438
-24.131264
-17.799177
-16.143614
-13.992573
-10.466949
-9.078391
-6.828957
-6.174928
-5.9235983
-5.5127044
-5.074419
-4.9808908
-4.4725094
-4.4953203
-4.308468
-4.4557257
-4.7290154
-5.080222
-5.5647163
-5.852791
-6.1618032
-6.286639
-6.392058
-6.2669616
-6.1181054
-6.0709906
-6.024441
-5.8398194
-5.621672
-5.161811
-4.459209
-4.0746527
-3.5527148
-3.207033
-2.7194664
-2.1968708
-2.0712156
-1.7452233
-1.4579086
-1.3456817
-1.1173745
-1.1952
-1.2423425
-1.3817902
-1.5614742
-1.7428745
-2.0896518
-2.2862499
-2.270941
-2.151266
-1.9723811
-1.8893998
-1.7770928
-1.7606126
-2.0030656
-2.3021576
-2.5586946
-2.7816982
-3.2183676
-3.7335567
-4.4619627
-5.315276
-6.014401
-6.714957
-7.254554
-7.506189
-7.165591
-6.9347486
-6.409918
-6.1417103
-6.0265307
-5.5701137
-5.3167467
-4.7249107
-4.137355
-3.2470872
-2.3596413
-1.7631575
-1.1203235
-0.91599846
-0.6863414
-0.4236586
-0.20910884
-0.01815167
0.06864305
0.14368282
0.0111964345
-0.11911447
0.01620819
0.1465512
0.22071768
0.2980144
0.38119522
0.39465824
0.4068013
0.28379753
0.25527516
0.25595704
-0.0061664926
-0.1952393
-0.5088151
-1.3831671
-1.9184135
-3.187442
-3.5022218
-4.7027535
-5.6442122
-5.8577337
-6.790522
-7.813109
-8.324491
-9.840077
-10.409507
-10.597312
-10.8
-10.866488
-10.899055
-10.897337
-10.7874565
-10.804427
-10.706203
-10.647245
-10.686589
-10.595378
-10.634796
-10.556061
-10.664678
-10.769041
-10.986353
-11.335689
-11.5178385
-11.897521
-12.437036
-12.719349
-12.244377
-11.118823
-10.665348
-9.946531
-9.386047
-9.492633
-9.653765
-10.326516
-11.230446
-13.270944
-14.185324
-15.693165
-16.711914
-17.0652
-18.09497
-19.1907
-19.664661
-20.788635
-21.798674
-22.08664
-22.995638
-23.9285
-24.221146
-24.970266
-25.301178
-26.19916
-27.007544
-27.358807
-27.960947
-28.554794
-28.753551
-29.250751
-29.694777
-29.903654
-30.240414
-30.559105
-30.753595
-31.981369
-34.094067
-36.262802
-39.438747
-28.899609
-25.582527
-27.471844
-27.648098
-20.615307
-16.02253
-15.610877
-14.620914
-2.8750563
-4.0239997
-10.285382
-10.285382
-7.4439535
-12.202646
-13.816782
-14.528672
-15.197071
-15.786114
-16.282904
-16.599413
-16.91982
-17.248028
-18.633945
-20.281645
-22.44021
-25.036373
-28.356474
-33.04879
-35.389347
-35.834927
-36.280506
-36.440796
-36.15029
-35.23816
-34.227932
-33.148594
-30.258068
-26.218714
-24.219833
-23.466854
-23.208477
-22.950102
-22.414873
-23.680664
-26.434975
-29.06039
-30.398232
-29.646864
-27.801361
-25.781166
-25.446613
-25.619173
-25.797565
-25.37061
-25.20379
-25.383276
-25.991993
-27.5759
-31.305393
-33.276695
-31.739748
-30.202803
-29.332514
-29.238794
-29.571678
-28.421785
-26.773296
-26.07893
-25.384565
-24.736824
-23.954542
-23.17226
-22.241064
-21.384321
-20.93624
-20.544653
-20.144156
-19.604256
-19.050257
-18.48439
-17.90454
-17.219065
-16.453247
-15.544011
-14.559656
-14.040273
-13.41632
-12.828636
-12.524057
-12.219478
-11.967282
-11.834141
-11.701
-11.522264
-11.335575
-11.166124
-10.938878
-10.717458
-10.482411
-10.248748
-10.015084
-9.795839
-9.575148
-9.36126
-9.1704645
-8.980457
-8.774647
-8.584771
-8.39932
-8.271306
-8.143292
-8.028739
-7.8897715
-7.7457657
-7.5837345
-7.319595
-7.0476327
-6.776678
-6.50303
-6.3875875
-6.273517
-6.148681
-5.980858
-5.8448687
-5.9334517
-6.152556
-6.3313785
-6.0358634
-5.7144556
-5.2482333
-4.4353175
-3.6224015
-2.8491313
-2.347413
-1.8647926
-1.5586034
-1.3949076
-1.2905395
-1.2235155
-1.1852791
-1.1240152
-1.0627513
-1.0014875
-0.93673444
-0.8683414
-0.85728854
-0.8359949
-0.8031574
-0.77170646
-0.74092895
-0.7178723
-0.6929687
-0.68548
-0.70032793
-0.7145248
-0.7151382
-0.7117021
-0.7047732
-0.65853876
-0.6123044
-0.597492
-0.62501615
-0.6552349
-0.6854536
-0.7135471
-0.74103385
-0.8347588
-0.91532904
-1.0140549
-1.1329991
-1.2729825
-1.420845
-1.5574279
-1.6219975
-1.678403
-1.8410978
-2.0267801
-2.1855876
-2.214152
-2.2477574
-2.2974248
-2.347182
-2.3840992
-2.420898
-2.4600267
-2.4997442
-2.5742238
-2.5950358
-2.6158476
-2.6541529
-2.687638
-2.7084842
-2.7267692
-2.7419035
-2.7570376
-2.78535
-2.7341697
-2.659387
-2.6104414
-2.6611612
-2.7118807
-2.7543697
-2.760344
-2.735617
-2.72998
-2.73403
-2.751204
-2.7960706
-2.8
-2.8
-2.8
-2.8
-2.8
-2.8
-2.783811
-2.757577
-2.6936152
-2.6295717
-2.6
-2.6
-2.6
-2.6
-2.6003444
-2.6142995
-2.6282547
-2.6428146
-2.6328387
-2.6186717
-2.6045046
-2.5939305
-2.5712419
-2.552139
-2.535237
-2.5239494
-2.5126615
-2.5013738
-2.5
-2.5
-2.5
-2.5
-2.4877083
-2.4499161
-2.4126565
-2.428743
-2.4781692
-2.519679
-2.5452385
-2.5603929
-2.5731304
-2.58576
-2.6059544
-2.652478
-2.6993954
-2.6587682
-2.6424446
-2.6728296
-2.7334852
-2.800139
-2.7605436
-2.7136161
-2.67444
-2.6575649
-2.702581
-2.747992
-2.7995386
-2.9494395
-3.0928316
-3.2362237
-3.3851602
-3.5341454
-3.6634974
-3.791718
-3.6842616
-3.5567977
-3.4408078
-3.3559356
-3.229149
-3.0706012
-2.8800027
-2.7069774
-2.61231
-2.5349345
-2.4575589
-2.3464448
-2.2239249
-2.1395142
-2.0260096
-1.9453436
-2.0354807
-2.125618
-2.2070029
-2.2664323
-2.3132257
-2.3513334
-2.389441
-2.4275484
-2.4759204
-2.5434673
-2.6110141
-2.678561
-2.7461078
-2.823796
-2.9094322
-2.9614453
-2.9784713
-2.9775267
-2.9765823
-2.9756377
-2.974693
-2.9843907
-2.998077
-3.011763
-3.0254493
-3.039751
-3.0540967
-3.0684423
-3.068395
-3.0654
-3.0624049
-3.0594099
-3.0621119
-3.0671315
-3.0721512
-3.0876749
-3.1049347
-3.1118002
-3.1149955
-3.1181908
-3.121386
-3.1245813
-3.1277766
-3.130972
-3.1159601
-3.0978503
-3.0797405
-3.0616305
-3.038036
-2.9966593
-2.965471
-2.934283
-2.9030948
-2.8719065
-2.856354
-2.8597057
-2.8630574
-2.8720748
-2.8851423
-2.8972325
-2.895175
-2.8931172
-2.8910594
-2.8890018
-2.886944
-2.9071455
-2.9486244
-2.990103
-3.0315819
-3.0730608
-3.1145394
-3.1560183
-3.197497
-3.2471685
-3.3065555
-3.3659425
-3.4253294
-3.4847164
-3.5441034
-3.6034904
-3.6628773
-3.7327626
-3.8151863
-3.89761
-3.9800336
-4.062457
-4.144881
-4.2273045
-4.2716107
-4.3128
-4.353989
-4.3951783
-4.433916
-4.7082314
-5.0211506
-5.3672
-5.7132487
-6.0812426
-6.498736
-6.9162292
-7.2502174
-7.275297
-7.3721566
-7.4949193
-7.557265
-7.619551
-7.681837
-7.744123
-8.284145
-8.954874
-9.497461
-9.548681
-9.676234
-9.763168
-9.657474
-9.657474
-9.438934
-8.993618
-7.403374
-6.3468366
-5.7140326
-5.3026896
-4.900417
-4.498144
-4.095872
-3.8916175
-3.7627819
-3.633946
-3.5067225
-3.1811647
-2.851915
-2.522665
-2.3250384
-2.3322358
-2.3434122
-2.3545887
-2.5246994
-2.7324126
-2.9311328
-3.1212845
-3.3430665
-3.5648484
-3.7866304
-3.9242504
-4.1410446
-4.367758
-4.594471
-4.782351
-4.926014
-5.0696774
-5.1940436
-5.152407
-5.1062055
-5.164388
-5.1558447
-5.215337
-5.272133
-5.328929
-5.350782
-5.2549896
-5.159198
-5.0817084
-4.9103036
-4.731554
-4.6590834
-4.551475
-4.4380856
-4.392421
-4.3467565
-4.276442
-4.251442
-4.2264423
-4.236487
-4.3001943
-4.365422
-4.4170623
-4.471296
-4.5251875
-4.591124
-4.6570606
-4.6969438
-4.7260118
-4.7550797
-4.771608
-4.8131185
-4.8950768
-4.97569
-5.0360928
-5.0624385
-5.110204
-5.1665
-5.222796
-5.273604
-5.3241277
-5.3848276
-5.416799
-5.400001
-5.4328103
-5.4128637
-5.441416
-5.4819393
-5.4669275
-5.451916
-5.4396167
-5.427556
-5.4210553
-5.3813753
-5.342597
-5.236181
-5.1408987
-5.0653996
-5.0074983
-4.9487877
-4.857004
-4.9368834
-5.0689187
-5.0412807
-5.0681257
-5.4218464
-5.9227524
-6.0901356
-6.230739
-7.2156196
-8.037556
-8.313323
-8.992078
-9.921397
-10.734781
-11.5186615
-12.323939
-13.129337
-14.034937
-14.991413
-15.715419
-16.601547
-17.270445
-17.239204
-16.738949
-17.551311
-18.81329
-19.937849
-19.943428
-19.77116
-18.398552
-17.60525
-17.636917
-17.666735
-17.756222
-17.938065
-18.083643
-18.223457
-18.07185
-17.912529
-17.942589
-18.371246
-18.820625
-19.09818
-19.232315
-19.01023
-19.251554
-19.014372
-18.20995
-17.954617
-18.07421
-18.053638
-17.995665
-17.50866
-17.309175
-17.758541
-17.780476
-17.642252
-17.878962
-18.161606
-18.32015
-17.535444
-17.419209
-17.4872
-17.027327
-16.331427
-16.162106
-16.0689
-15.853879
-15.759919
-15.701257
-15.589472
-15.067144
-15.02854
-15.03244
-14.325355
-13.54404
-13.409136
-13.274232
-12.015866
-11.489637
-10.731493
-9.694871
-10.175843
-10.296725
-10.39382
-10.542551

-3.4028235e+38
-3.4028235e+38
-3.4028235e+38
-3.4028235e+38
-3.4028235e+38
-3.4028235e+38
-3.4028235e+38
-3.4028235e+38
-3.4028235e+38
-3.4028235e+38
-3.4028235e+38
-3.4028235e+38
-3.4028235e+38
-3.4028235e+38
-3.4028235e+38
-3.4028235e+38
-3.4028235e+38
-3.4028235e+38
-3.4028235e+38
-3.4028235e+38
-3.4028235e+38
-3.4028235e+38
-3.4028235e+38
-3.4028235e+38
-3.4028235e+38
-3.4028235e+38
-3.4028235e+38
-3.4028235e+38
-3.4028235e+38
-3.4028235e+38
-3.4028235e+38
-3.4028235e+38
-3.4028235e+38
-3.4028235e+38
-3.4028235e+38
-3.4028235e+38
-3.4028235e+38
-3.4028235e+38
6.167351
6.0686455
5.9576406
5.848771
5.7479305
5.5408673
4.259471
3.477516
2.1429121
0.8083083
0.026353452
-3.729231
-5.9878387
-6.261564
-6.9412065
-6.485132
-6.196986
-5.782487
-5.565941
-5.2221475
-4.949547
-4.8744273
-4.7597413
-4.631509
-4.6726513
-4.6666017
-4.7564983
-4.859348
-4.9051857
-4.9944
-5.068125
-5.219302
-5.406887
-5.5604467
-5.722665
-5.8030696
-6.0198407
-5.921876
-5.824745
-5.64684
-5.5615325
-5.4652405
-5.764875
-5.1868544
-4.794649
-4.025874
-3.257099
-2.7536077
-1.7128328
-0.54286206
-0.43960088
-0.5412356
-0.36052924
-0.13340923
0.05748802
0.21987504
0.15002312
0.17646371
0.118569724
0.03857529
0.0144836465
-0.018558392
0.0044516525
-0.011784151
-0.048526537
-0.086426556
-0.1064354
-0.16207041
-0.22895974
-0.32067865
-0.40295604
-0.44649756
-0.62583065
-0.81005937
-0.9733386
-1.1787163
-1.3079286
-1.4454894
-1.557027
-1.6436071
-1.7730893
-1.9121246
-2.0451944
-2.3168578
-2.5292127
-2.80447
-3.1304393
-3.4380114
-3.7679062
-4.1518865
-4.4104714
-4.7309427
-5.0729036
-5.309912
-5.5832915
-5.849189
-6.0955353
-6.408448
-6.6817055
-6.8552957
-7.211066
-7.4023385
-7.6396885
-7.8875923
-7.9853067
-8.381228
-8.776506
-8.966294
-9.400111
-9.807429
-9.933765
-10.21703
-10.758458
-11.42398
-12.110008
-12.692067
-13.114494
-14.111082
-14.782244
-15.098904
-15.240003
-16.530046
-17.00522
-17.392464
-17.60077
-17.557951
-17.516943
-17.493212
-16.958069
-16.17238
-15.691275
-14.623516
-13.551018
-13.313555
-12.865391
-12.267513
-11.674941
-10.348435
-9.882228
-9.898145
-9.8453865
-10.358392
-10.506127
-11.264143
-11.612429
-13.431863
-14.890832
-15.654513
-16.655367
-16.971704
-16.904898
-17.336725
-17.635513
-18.23011
-17.561062
-17.37788
-17.722086
-18.212301
-18.598452
-18.729567
-18.896387
-18.3656
-18.121021
-18.08773
-18.34116
-18.436975
-18.489271
-18.996803
-20.231918
-20.227066
-20.111479
-20.274544
-20.306034
-20.848106
-21.175507
-21.440033
-22.590061
-22.211374
-22.587915
-22.767883
-23.473387
-23.9276
-23.744661
-24.5121
-25.407814
-25.789724
-26.64142
-27.346298
-29.08611
-27.827711
-27.202267
-19.317396
-15.718013
-15.516438
-14.297986
-9.954108
-12.121409
-6.676058
-6.676058
-8.02074
-13.123197
-13.663831
-14.185329
-15.011296
-15.6294775
-15.998388
-16.36875
-16.832033
-17.344683
-21.177572
-25.858482
-26.814486
-28.543724
-28.240175
-27.946178
-27.411375
-26.893707
-26.4372
-25.80125
-25.346264
-24.699247
-23.876184
-23.115883
-22.61636
-22.588755
-22.400496
-22.142025
-21.983631
-21.241312
-22.642025
-23.825691
-24.00508
-23.282785
-22.377829
-21.472872
-21.821661
-21.972757
-21.221458
-20.53904
-20.091785
-19.677864
-19.306135
-18.726793
-18.130606
-17.872356
-17.317043
-16.479212
-15.817223
-15.501564
-15.121296
-14.597637
-14.370935
-14.354092
-14.68235
-15.031408
-15.484064
-15.823553
-15.22074
-14.729616
-14.93839
-15.18163
-14.5317
-13.660947
-12.790194
-11.91944
-11.179549
-10.593678
-10.1222105
-9.741952
-9.384601
-9.185919
-9.158529
-9.272168
-9.402779
-9.494659
-9.556638
-9.656143
-9.7659645
-9.893339
-10.040646
-10.014241
-10.128304
-10.54681
-10.965317
-11.286705
-11.417706
-11.534054
-11.575373
-11.597196
-11.636761
-11.679144
-11.731855
-11.85934
-11.998765
-12.140209
-12.281652
-12.320578
-12.445814
-12.585628
-12.677405
-12.81282
-12.881347
-12.9
-12.9
-12.9
-13.122
-13.352079
-13.645922
-13.704419
-14.062176
-14.4384985
-14.578418
-14.6839285
-15.03114
-15.670939
-16.218039
-16.291794
-16.275385
-16.404305
-16.517168
-16.898865
-16.210783
-12.153632
-8.864973
-5.9984274
-2.9890773
-1.467354
0.1629176
0.40288103
0.5367463
0.65564543
0.7706547
0.6667073
0.37300825
-0.062405705
-0.4233383
-0.46109208
-0.5409311
-0.6008033
-0.7170659
-0.7988064
-0.8
-0.85727173
-0.9679729
-1.0786741
-1.2035128
-1.284687
-1.3595717
-1.4349885
-1.4611076
-1.4616617
-1.4763206
-1.5192761
-1.5487279
-1.6
-1.6173173
-1.6442056
-1.6650127
-1.7101384
-1.7921008
-1.8487242
-1.9352845
-2.0218449
-2.108405
-2.2047586
-2.2596116
-2.311674
-2.365284
-2.4174669
-2.4601471
-2.5007305
-2.54083
-2.5809295
-2.6237574
-2.672648
-2.7213368
-2.7697697
-2.7948043
-2.8
-2.8
-2.8
-2.7913432
-2.7400012
-2.713195
-2.6892965
-2.6660028
-2.6795156
-2.6602135
-2.6462128
-2.653518
-2.5812335
-2.4616988
-2.3779862
-2.3319347
-2.285883
-2.2398314
-2.16945
-2.112103
-2.1050563
-2.0987039
-2.0923514
-2.085999
-2.0796466
-2.0732942
-2.07934
-2.157182
-2.2350242
-2.3128662
-2.3907082
-2.4685502
-2.5353653
-2.600416
-2.6327899
-2.6654406
-2.7053835
-2.7453268
-2.7852697
-2.825213
-2.8651562
-2.909027
-2.955253
-3.0014787
-3.0477045
-3.09393
-3.1401558
-3.1863816
-3.187241
-3.1298652
-3.072489
-3.015113
-2.957737
-2.9003608
-2.869313
-2.9230165
-2.9767203
-3.0304239
-3.0158696
-2.8827865
-2.7450092
-2.5072153
-2.2694213
-2.0316272
-1.7910353
-1.5472065
-1.3343625
-1.3963143
-1.1304479
-1.1106822
-1.1411989
-1.1717156
-1.2022322
-1.2329011
-1.2659893
-1.2990775
-1.3321657
-1.4206417
-1.5409976
-1.639701
-1.7384043
-1.8257139
-1.9121088
-1.9985038
-2.0848987
-2.1168787
-2.0993004
-2.0817218
-2.0641432
-2.0421662
-2.0198932
-1.9976202
-1.9779612
-1.9675984
-1.9572358
-1.9468731
-1.9365103
-2.0154963
-2.1056333
-2.1816044
-2.2403333
-2.278441
-2.3165486
-2.354656
-2.3927636
-2.446328
-2.5138748
-2.5814216
-2.6489685
-2.7165153
-2.809488
-2.886262
-2.9382753
-2.970218
-2.996673
-2.9957285
-2.9947839
-2.9938395
-2.9932735
-3.0069597
-3.0206459
-3.034332
-3.0480182
-3.0618954
-3.076241
-3.0884025
-3.0854075
-3.0824125
-3.0814521
-3.0864718
-3.0914915
-3.0965111
-3.103121
-3.1203806
-3.1376405
-3.1539667
-3.157162
-3.1603572
-3.1635525
-3.1667478
-3.169943
-3.1623757
-3.1442657
-3.1261559
-3.108046
-3.0703354
-3.0051587
-2.9628973
-2.931709
-2.9005208
-2.8693328
-2.8384361
-2.8417878
-2.8451393
-2.848491
-2.858095
-2.8711624
-2.8747835
-2.872726
-2.8706682
-2.8686104
-2.8743675
-2.895435
-2.9196723
-2.9542282
-2.994595
-3.036074
-3.0775526
-3.1190314
-3.1605103
-3.201989
-3.2536
-3.3129869
-3.3723738
-3.4317608
-3.4911478
-3.5505347
-3.6039762
-3.6212454
-3.6755602
-3.757984
-3.8404076
-3.9228313
-4.0052547
-4.0876784
-4.158891
-4.2000804
-4.2412696
-4.282459
-4.323648
-4.364837
-4.6118054
-4.880815
-5.226864
-5.6443014
-6.0617948
-6.479288
-6.8967814
-7.0148783
-7.039958
-7.137281
-7.260044
-7.3608413
-7.4231277
-7.4854136
-7.608627
-8.279356
-8.950086
-9.487151
-9.588385
-9.54105
-9.435355
-9.435355
-9.216817
-8.250063
-6.659819
-6.002726
-5.403725
-5.0665326
-4.66426
-4.261987
-3.9349768
-3.7834024
-3.6545665
-3.5257306
-3.3675632
-3.0383132
-2.7090633
-2.3798134
-2.2997785
-2.3109548
-2.3221314
-2.394964
-2.6072636
-2.8149767
-3.0226898
-3.230817
-3.452599
-3.674381
-3.8923883
-4.0602727
-4.286986
-4.513699
-4.740412
-4.8930407
-5.0367036
-5.180367
-5.2352138
-5.1890125
-5.142811
-5.2009935
-5.2152905
-5.2720866
-5.3288827
-5.393489
-5.3363404
-5.240548
-5.1447563
-5.03446
-4.85571
-4.6769605
-4.60449
-4.4785733
-4.4329085
-4.387244
-4.332571
-4.28538
-4.26038
-4.23538
-4.271502
-4.3367295
-4.401957
-4.453597
-4.5004263
-4.566363
-4.6322994
-4.6943526
-4.7263346
-4.755403
-4.784471
-4.7910547
-4.869395
-4.951353
-5.031966
-5.0725117
-5.110042
-5.166338
-5.2226343
-5.276765
-5.3272886
-5.3778124
-5.445275
-5.440648
-5.4208755
-5.453685
-5.433738
-5.5043073
-5.4912486
-5.4762373
-5.4622087
-5.450148
-5.438088
-5.434225
-5.3517528
-5.2453365
-5.2065578
-5.1175604
-5.0530286
-4.995127
-4.9268217
-4.875293
-5.0073276
-5.1393623
-5.047574
-5.320441
-5.6741614
-6.1750674
-6.184393
-6.75541
-7.7402906
-8.359271
-8.656403
-9.585723
-10.504943
-11.286643
-12.080324
-12.885602
-13.691
-14.643279
-15.497781
-16.268291
-17.167542
-17.411304
-17.19611
-16.746365
-18.008343
-19.624207
-19.813515
-19.740118
-19.211927
-17.664595
-17.613518
-17.64505
-17.674198
-17.827333
-18.002844
-18.14266
-18.134253
-17.922237
-17.952297
-18.081963
-18.556818
-19.001
-19.183681
-19.317816
-19.037584
-19.211115
-18.735119
-17.940273
-17.995754
-18.102106
-18.044132
-17.90667
-17.249136
-17.607464
-17.906754
-17.851482
-17.777668
-18.076723
-18.35937
-18.064913
-17.33674
-17.404732
-17.456827
-16.64259
-16.274687
-16.13342
-15.988858
-15.801971
-15.718041
-15.659378
-15.362958
-14.951181
-14.955083
-14.958983
-13.632945
-13.2408
-13.105896
-12.673605
-11.297316
-10.950249
-10.192104
-9.704156
-10.20535
-10.302444
-10.399539
-10.619282

-9999.0
-9999.0
-9999.0
-9999.0
-9999.0
-9999.0
-9999.0
-9999.0
-9999.0
-9999.0
-9999.0
-9999.0
-9999.0
-9999.0
-9999.0
-9999.0
-9999.0
-9999.0
-9999.0
-9999.0
-9999.0
-9999.0
-9999.0
-9999.0
-9999.0
-9999.0
-9999.0
-9999.0
-9999.0
-9999.0
-9999.0
-9999.0
-9999.0
-9999.0
-9999.0
-9999.0
-9999.0
-9999.0
-9999.0
-9999.0
-9999.0
-9999.0
-9999.0
-9999.0
-9999.0
-3.5185208
-2.4304106
-1.3245658
-0.5146077
-18.729174
-13.144718
-12.281973
-10.302494
-8.1502
-6.2567625
-3.6452665
-2.4909582
-1.2041106
-0.8543973
-0.74200535
-0.4270234
-0.1079998
0.075241566
0.44324923
0.61655474
0.66012144
0.3656807
0.14431334
-0.12738132
-0.37860584
-0.55988836
-0.5733619
-0.5535269
-0.3108158
-0.09932947
-0.08699703
-0.23285437
-0.36420918
-0.2228446
-0.10098934
0.8576951
0.9361577
0.9369099
0.73103356
0.53174615
0.31601167
-0.25414705
-1.1277802
-1.0922866
-0.80003434
-0.79931134
-1.0241206
-1.2737015
-1.5686021
-1.5843704
-1.7964721
-2.0628273
-2.2688742
-2.303342
-2.2692926
-2.033831
-1.7982689
-1.7450464
-1.5873034
-1.6653535
-1.8835503
-2.0609043
-2.163782
-2.3632247
-2.8941765
-3.2896845
-3.8907502
-4.2972
-5.0115623
-5.414488
-5.891764
-5.4361506
-5.3711905
-4.6841974
-4.3447647
-4.1571074
-3.7152624
-3.1678903
-2.4893227
-1.6232882
-0.51930237
0.48876548
1.861455
2.6910107
3.5780358
4.1605573
4.6446276
5.148717
5.618043
6.08924
6.4297376
6.657105
6.756059
7.2134213
7.474486
7.848594
8.192859
8.353039
8.832142
9.215926
9.327903
9.6833725
10.091212
10.20407
9.885153
10.012438
10.386177
9.79527
8.973159
9.082045
8.878582
8.970257
9.010807
8.006565
8.304636
8.3713875
7.2061167
7.2084455
6.8523407
6.716943
6.6932116
6.124264
5.3419075
4.883706
3.9289713
2.966957
2.70759
2.3323994
1.8297062
1.1977158
-0.13160133
-0.7451849
-0.83363247
-1.1384058
-0.97480965
-1.0427923
-0.6650295
-0.538764
0.6512232
2.6783228
4.011778
6.013652
7.2605724
7.375287
8.3485
8.118306
8.040151
6.2137327
3.868904
3.3082962
2.2069607
1.5743599
1.3452263
0.66228867
-0.9616661
-1.6844063
-2.7898865
-3.5592384
-3.8256893
-4.6673584
-4.5445595
-4.1654453
-4.9111614
-5.35219
-6.0546
-6.8953323
-6.704523
-6.912796
-7.2159443
-6.2354927
-7.1111984
-7.119135
-7.2121964
-6.872381
-6.6208687
-6.9982986
-7.627533
-8.332214
-10.242441
-12.076052
-6.8565826
5.2624435
-0.7482166
-3.1932907
-2.8783722
-0.4771185
0.06468582
2.334134
10.013276
16.276056
1.3631759
1.3631759
6.2214255
9.099197
4.881138
0.6439438
0.04323578
-0.004961014
-0.16181755
-0.10796547
0.03881073
0.05139923
2.3223858
5.4810524
4.3808727
3.3224487
0.22847366
-3.8808537
-8.528067
-10.267788
-11.3032055
-12.384735
-12.727928
-12.4965725
-12.309408
-11.151543
-8.720476
-5.017523
-1.6553402
-1.177782
-1.0778008
-1.5617428
-0.015510559
0.69210625
-1.7509499
-5.2275543
-8.112747
-8.181097
-5.986805
-4.5210743
-4.901581
-5.6981525
-6.323799
-6.2756977
-5.849518
-6.608345
-7.384018
-10.397751
-14.651438
-19.218763
-19.547337
-17.560719
-14.872753
-15.630098
-15.948746
-14.437447
-11.7698555
-10.548693
-9.40167
-8.282333
-8.022897
-7.696205
-6.6069727
-5.8712645
-6.053568
-6.532737
-7.0266933
-7.4705534
-7.6404295
-7.6689672
-7.510106
-7.1829824
-6.797063
-6.2251787
-5.622116
-4.876026
-4.121463
-3.40563
-3.007576
-2.6072865
-2.253852
-1.9457121
-1.6448269
-1.5064659
-1.2243195
-0.6393671
-0.005841255
0.5427933
0.8956213
1.254611
1.5295944
1.7762012
2.043169
2.3141603
2.5576668
2.875946
3.199728
3.5303497
3.8616686
3.921258
4.174508
4.442335
4.6486664
4.923049
5.135581
5.316265
5.5804048
5.852367
6.3453217
6.8490496
7.258334
7.430902
7.9134946
8.457641
8.733549
8.750477
8.878584
9.339561
10.182175
10.577338
11.027151
11.9689865
12.894767
14.049733
13.86337
10.288839
7.30637
4.60352
1.6985378
0.24383855
-1.3481967
-1.5268962
-1.5994976
-1.6571329
-1.7073891
-1.5350487
-1.2302969
-0.7735892
-0.3798191
-0.31061438
-0.19999784
-0.117069006
0.024097145
0.11332643
0.09967208
0.14274693
0.25283468
0.36697197
0.4987396
0.6261483
0.7472673
0.8374965
0.83609146
0.8064268
0.79086703
0.80572903
0.807694
0.7652412
0.7019883
0.6301507
0.53201365
0.43715596
0.37125576
0.29129636
0.31328702
0.34344184
0.26730728
0.17797852
0.07402396
0.09752202
0.11752653
0.120042086
0.11296511
0.11663127
0.119931936
0.12090278
0.124013186
0.098424196
0.12630105
0.15392208
0.14065146
0.11236191
0.09151578
0.07323074
0.04943967
-0.017036438
-0.072155
-0.044873238
0.0066156387
0.069074154
-0.00094771385
-0.06566787
-0.100851774
-0.17911053
-0.27391815
-0.3519938
-0.40209532
-0.46532106
-0.52971053
-0.6159518
-0.68789697
-0.69494367
-0.7012961
-0.67469144
-0.64533377
-0.69241476
-0.6406419
-0.57562923
-0.44281793
-0.3649757
-0.2871337
-0.2092917
-0.1314497
-0.06463456
0.00027370453
0.018533707
0.060911417
0.105383635
0.14532685
0.18526983
0.25809884
0.3331225
0.398772
0.4552529
0.5014787
0.54770446
0.6128695
0.6452098
0.6863816
0.6872411
0.63004446
0.6104605
0.5746186
0.5228951
0.43372893
0.37089133
0.40801716
0.44656682
0.48639297
0.45920873
0.28926468
0.109864235
-0.16965055
-0.41577554
-0.6389625
-0.8740047
-1.1784893
-1.4362435
-1.358833
-1.5725136
-1.545352
-1.4887795
-1.5036739
-1.5218867
-1.5496395
-1.5340106
-1.5162208
-1.6265244
-1.6829216
-1.7115511
-1.7300605
-1.7681124
-1.8287048
-1.8862051
-1.6872071
-1.4740257
-1.3152595
-1.1974142
-1.0243943
-0.8717649
-0.79741335
-0.74175525
-0.6866528
-0.57207215
-0.43921542
-0.39143395
-0.29553163
-0.19238973
0.00010108948
0.12486422
0.11069822
0.11350584
0.11350584
0.11350584
0.11350584
0.11350584
0.12726855
0.12726855
0.12726855
0.12726855
0.12726855
0.12208891
0.09888339
0.09888363
0.07881284
0.018201828
0.018201828
0.01820159
0.018201828
0.018580437
0.022568941
0.022568941
0.022568941
0.022568941
0.022144318
0.022144318
0.019960165
0.017012596
0.017012596
0.01904726
0.02706194
0.029379606
0.029379606
0.030969858
0.032705784
0.032705784
0.04216647
0.04216647
0.04216647
0.04216647
0.04216647
0.04216647
0.03140378
0.02830553
0.02830553
0.02830553
0.008704901
-0.032877445
-0.03376198
-0.03376198
-0.033762217
-0.03376198
-0.033470392
-0.014566183
-0.0145664215
-0.0145664215
-0.013979912
-0.013979912
-0.022449017
-0.022449017
-0.022449017
-0.022449017
-0.014634371
0.008491039
0.012526751
0.0056037903
0.0044920444
0.0044920444
0.004491806
0.0044920444
0.0044920444
0.0044920444
0.006431341
0.006431341
0.006431341
0.006431341
0.006431341
0.006431341
0.00048589706
-0.041631937
-0.05720234
-0.05720234
-0.05720234
-0.05720234
-0.05720234
-0.05720234
-0.06841326
-0.07153034
-0.07153034
-0.07153034
-0.07153034
-0.06907892
-0.09642601
-0.14033556
-0.14033604
-0.068947315
-0.019447803
-0.019447803
-0.019447803
-0.23533916
-0.23533916
-0.23487568
-0.2348752
-0.19642353
-0.19642353
-0.19642353
-0.13549614
-0.0047893524
-0.0047883987
-0.010310173
0.03970337
-0.13518429
-0.32781315
-0.32781315
-0.3278122
-0.18246555
-0.17007828
-0.20452595
-0.18709707
-0.16879654
-0.16879654
-0.16879702
-0.11331439
-0.121784925
-0.10636258
-0.09094
-0.0066809654
-0.0077564716
-0.008831739
-0.015508175
-0.06537652
-0.06537652
-0.06537628
-0.016325235
-0.0016255379
0.017608166
0.03684187
0.041053772
0.041053772
0.041053772
0.062049627
0.12746286
0.12746286
0.12746286
0.12746286
0.12659645
0.12659597
0.12659645
0.1409893
0.1409893
0.14098883
0.1409893
0.08273792
0.08273792
0.08273792
0.06905317
0.06498194
0.06498146
0.06033516
0.051685333
0.051685333
0.051685333
0.051685333
0.035274506
0.03527403
0.035274506
0.04782343
0.048936367
0.04893589
0.04800558
0.022947788
0.022948265
0.022948265
0.022947788
0.03387642
0.03387642
0.033875942
0.04335165
0.043217182
0.04321766
0.04321766
0.05327463
0.054931164
0.054931164
0.054931164
0.073779106
0.07755327
0.081717014
0.08171749
0.08165932
0.08165932
0.08040428
0.07425022
0.07537842
0.07363081
0.07363081
0.07363081
0.07164526
0.039306164
0.03930664
0.039260864
0.039260864
0.037169933
0.03614521
0.038015366
0.038015366
0.035137653
0.03051424
0.030112743
0.030112743
0.041805267
0.037615776
0.0376153
0.11301899
0.11460781
0.10512972
0.10512972
0.23101568
0.29464102
0.2786026
0.27860308
0.51792145
0.5109501
0.5109501
0.5619459
0.5619459
0.5615425
0.5615425
0.5227089
0.5064354
0.50848293
0.4731741
0.47317314
0.36841202
0.42069626
-0.18471718
-0.18471718
-0.19722557
-0.43400764
-0.43400764
-0.19027138
-0.13947296
-0.012687683
-0.012046814
-0.012046814
-0.01338768
0.00062942505
0.00062942505
0.008556366
0.024759293
0.06828117
-0.016460419
-0.015914917
0.024738312
0.07328606
0.07328606
-0.047798157
-0.10065079
-0.013307571
-0.022975922
-0.022974014
0.0374012
0.0374012
0.042406082
0.042406082
0.26597977
0.32351494
0.32489777
0.18135262
0.18135262
0.18135262
0.187706
-0.10834885
-0.10834885
-0.10694885
-0.10695076
0.036312103
0.025693893
0.02601242
-0.0166111
-0.016610146
-0.0166111
-0.017540932
-0.18898487
-0.18898392
-0.18898392
-0.36318493
-0.6204262
-0.6204262
-0.57537365
-0.47989655
-0.26091003
-0.26091003
-0.26330662
-0.08831024
-0.08831024
-0.08830929
-0.07009983
