-4.810759114339684
-4.669805818344209
-4.515781727948599
-4.376752022282647
-4.2341401312601015
-3.813912729981991
-3.391012581374592
-2.9654397189273416
-2.5371941549597326
-2.106276005653767
-1.6726851620999486
-1.2440384244981835
-0.9618651473550153
-0.9974712301495607
-1.0285912089062532
-1.075535650890055
-1.6625247618006271
-3.046203128914289
-4.705378285827551
-6.56796716043175
-9.033833305179813
-11.988807637851691
-14.935703784912544
-16.292863361687647
-17.50910597608176
-18.70683301271425
-19.862980349627573
-20.61738990042771
-21.36567020768766
-21.97023671773166
-22.430864832197397
-22.976562748188254
-23.330718306519433
-23.69514652355572
-24.104228802019776
-24.57570731237311
-24.394285917637465
-23.959150323094303
-23.49717323728829
-23.222198049442408
-23.412663478433235
-23.721801725075547
-23.71934092953044
-23.400629551296582
-23.165303961089773
-22.770687080108434
-22.16950211337175
-21.47795910253618
-20.816966991504554
-19.699195147857093
-18.527644975805075
-17.402196758531524
-16.393309898238833
-15.571426238854565
-14.808989586530622
-14.570775051887646
-14.667928785968005
-14.502953310632666
-14.002246946654953
-13.664857885109301
-13.296453297112263
-12.75683921215835
-12.505493536442666
-12.3970224223378
-12.281783088792999
-11.979988358370692
-11.103096475909652
-10.614192454092725
-9.897397578130665
-8.982937887692286
-8.039790151728663
-7.342269391156976
-6.752704280426722
-6.142621114202047
-5.491303026618993
-5.126104621643794
-4.797157238444972
-4.336243485758784
-3.6342130707061897
-2.594000924703163
-1.6860812524831545
-0.8971986737026919
-0.26833194783656233
0.1459810029676786
0.05257529526880442
-0.17313948775311516
-0.25063656980931603
-0.08900287523954466
0.16033642872766204
0.2739937963537401
0.3668148168877265
0.45963584048927375
0.5524568590286938
0.6452778929054171
0.7421299567935619
0.8611701055933656
1.0148996003672957
1.1712387366515473
1.4835067619941478
1.9731083471231126

0.004539922730937109
0.004960916054927764
0.004477966382911765
0.004593343924188617
0.013534979212450332
0.013621064935161482
0.013707149579221315
0.013793233826486282
0.013879314331679741
0.013965398344706738
0.013806155108588234
0.009088435044515765
-0.0011468257162555045
-0.0010023341273858748
-0.0015120195505060143
-0.01890615745176335
-0.04456648442876343
-0.05343987848087238
-0.05999157033176144
-0.0794223482532066
-0.09517588820812936
-0.09491570033369046
-0.04371234860877636
-0.03917359613640702
-0.03857723340673292
-0.037238005242060314
-0.024298552537739358
-0.024101137558011347
-0.019472302665417364
-0.014836233751063379
-0.017576221652251534
-0.01140689090099071
-0.01173775990574232
-0.013176009271057549
-0.01518571092065959
0.005843347670742646
0.014015152769253032
0.014879682367201379
0.008856593930129112
-0.006134644276504861
-0.009956941716201692
7.925903081956883e-05
0.010265279860490986
0.007579531848516516
0.012710097591731279
0.01936338754414903
0.022273702875411035
0.021289698042526787
0.036001980408740974
0.037734110571653164
0.03624922644062781
0.032494936408819924
0.026471806005474136
0.0245570950600273
0.007672580999453647
-0.003129195685931326
0.0053136459508268665
0.016127102153185913
0.010866863799551088
0.011865833653744112
0.017380269350315357
0.008095518011448352
0.0034937138085125675
0.003711709372690936
0.009720416589373296
0.0282435494795871
0.01574696402959233
0.0230870326785679
0.02945355981799932
0.030377564532230263
0.022466238436322807
0.018989127062751646
0.019649987001328344
0.020978110302462917
0.011762566659683477
0.010594968295842808
0.0148454337874349
0.02261148855439879
0.03350388320672963
0.029242914319001705
0.02540888402893865
0.02025498107955755
0.013344482438624029
-0.003008476620475744
-0.007269980222261997
-0.002496080435178596
0.005206011529423222
0.008030895381354491
0.0036607563035678803
0.0029896446057178453
0.0029896447045199997
0.002989644541475452
0.0029896450354700865
0.0031194792805559826
0.0038341286992516384
0.0049514275122877855
0.005035480678470479
0.010057747826224797
